image: /home/syscon/khj_map.pgm
resolution: 0.050000
origin: [-5.886617, -3.649026, 0.000000]
negate: 0
occupied_thresh: 0.65
free_thresh: 0.196

